kind         mag    CatBoost    LightGBM      FT-T      Δ CB     Δ LGB    Δ FT-T
--------------------------------------------------------------------------------
clean      0.000      0.9370      0.9276    0.9628     0.000     0.000     0.000
gauss      0.100      0.9328      0.9236    0.9566   -0.0042   -0.0040   -0.0062
gauss      0.500      0.8534      0.8558    0.8738   -0.0836   -0.0718   -0.0890
gauss      1.000      0.7606      0.7672    0.7748   -0.1764   -0.1604   -0.1880
mcar       0.050      0.8864      0.9118    0.9410   -0.0506   -0.0158   -0.0218
mcar       0.200      0.7666      0.8682    0.8898   -0.1704   -0.0594   -0.0730
mcar       0.500      0.6188      0.7810    0.8002   -0.3182   -0.1466   -0.1626
shift      0.500      0.8124      0.8066    0.8450   -0.1246   -0.1210   -0.1178
shift      1.000      0.6636      0.6550    0.7060   -0.2734   -0.2726   -0.2568
shift      2.000      0.5256      0.5196    0.5542   -0.4114   -0.4080   -0.4086
